


M6

predicted:


62.41499467190506
45.03459467190506
49.85439467190506
43.59779467190506
47.38559467190507
46.707194671905064
44.910994671905065
46.707194671905064
50.63239467190507
49.10089467190507
actual:


64.3777
46.2963
49.6689
45.4545
49.1803
47.3186
46.729
48.3871
53.1915
51.0204



M7

predicted:


76.060469986189
59.557069986189006
70.948669986189
72.289769986189
65.221369986189
69.662569986189
67.94816998618901
61.950569986189
62.93166998618901
66.326669986189
actual:


77.03
55.5556
68.8073
66.0793
61.4754
63.5593
64.1026
57.4713
60.9756
62.2407



M8

predicted:


70.66125558738462
70.66125558738462
70.66125558738462
70.66125558738462
70.66125558738462
70.66125558738462
70.66125558738462
70.66125558738462
70.66125558738462
70.66125558738462
actual:


55.5556
59.2885
61.4754
56.1798
55.9701
56.5038
53.1915
59.761
66.6667
56.6038



M10

predicted:


68.99918613501656
69.49088613501657
68.75628613501657
69.99068613501656
72.34508613501656
70.24368613501656
66.20758613501657
66.43038613501656
67.10898613501656
68.03908613501656
actual:


61.4754
63.2911
62.5
63.8298
65.2174
66.0793
60.9756
61.9835
60.0
61.4754
