


M3

predicted:


65.18898345670917
47.80858345670916
52.62838345670916
46.37178345670917
50.15958345670917
49.48118345670916
47.68498345670916
49.48118345670916
53.406383456709165
51.87488345670917
actual:


64.3777
46.2963
49.6689
45.4545
49.1803
47.3186
46.729
48.3871
53.1915
51.0204



M4

predicted:


84.3677811884762
67.8643811884762
79.2559811884762
80.5970811884762
73.5286811884762
77.96988118847621
76.25548118847621
70.2578811884762
71.2389811884762
74.6339811884762
actual:


77.03
55.5556
68.8073
66.0793
61.4754
63.5593
64.1026
57.4713
60.9756
62.2407



M5

predicted:


59.87714392450083
65.38124392450082
66.45334392450083
63.15824392450083
60.92554392450083
59.36864392450083
56.82044392450083
62.018343924500826
64.96354392450083
60.048943924500826
actual:


55.5556
59.2885
61.4754
56.1798
55.9701
56.5038
53.1915
59.761
66.6667
56.6038
